1: 7E5EDC -> [[1, 1], 100, [1, 1], 90, [1, 1], 90, [1, 1], 100, [1, 1], 90, [1, 1], 90]
1: 7E3EDC2 -> [[2, 2], 100, [2, 2], 100, [2, 2], 100, [2, 2], 100, [2, 2], 100, [2, 2], 100]
1-a: 7E3EDC11 -> [[2, 3], 100, [2, 3], 100, [2, 3], 100, [2, 3], 100, [2, 3], 100, [2, 3], 100]
2: 7E5ED -> [[1, 1], 90, [1, 1], 90, [1, 1], 90, [1, 1], 90, [1, 1], 90, [1, 1], 90]
2: 7E3ED2 -> [[2, 2], 90, [2, 2], 90, [2, 2], 90, [2, 2], 90, [2, 2], 90, [2, 2], 90]
2-a: 7E3ED11 -> [[2, 3], 90, [2, 3], 90, [2, 3], 90, [2, 3], 90, [2, 3], 90, [2, 3], 90]
2: 7E2ED21 -> [[2, 3], 90, [2, 3], 90, [2, 3], 90, [2, 3], 90, [2, 3], 90, [2, 3], 90]
2: 7E32ED -> [[1, 1], 90, [1, 1], 90, [1, 1], 90, [1, 1], 90, [1, 1], 90, [1, 1], 90]
3: 7E3DC2 -> [[2, 2], 80, [2, 2], 80, [2, 2], 80, [2, 2], 80, [2, 2], 80, [2, 2], 80]
3-a: 7E3DC11 -> [[2, 3], 80, [2, 3], 80, [2, 3], 80, [2, 3], 80, [2, 3], 80, [2, 3], 80]
4: 7E3DBA2 -> [[2, 2], 80, [2, 2], 70, [2, 2], 80, [2, 2], 80, [2, 2], 70, [2, 2], 80]
4-a: 7E3DBA11 -> [[2, 3], 80, [2, 3], 70, [2, 3], 80, [2, 3], 80, [2, 3], 70, [2, 3], 80]
?4-1: 7E3CBA2 -> [[2, 2], 80, [2, 2], 70, [2, 2], 70, [2, 2], 80, [2, 2], 70, [2, 2], 70]
?4-1-a: 7E3CBA11 -> [[2, 3], 80, [2, 3], 70, [2, 3], 70, [2, 3], 80, [2, 3], 70, [2, 3], 70]
5: 6ED6DC -> [[1, 1], 90, [0, 0], 91, [0, 0], 91, [1, 1], 90, [0, 0], 81, [0, 0], 81]
6-1: 6ED6E -> [[0, 0], 91, [0, 0], 91, [0, 0], 91, [0, 0], 91, [0, 0], 91, [0, 0], 91]
6: 6ED5ED1 -> [[1, 2], 90, [0, 2], 91, [1, 2], 90, [1, 2], 90, [0, 2], 91, [1, 2], 90]
7-1: 6ED4DCB2 -> [[2, 2], 90, [2, 2], 80, [2, 2], 80, [2, 2], 90, [2, 2], 80, [2, 2], 80]
7-1-a: 6ED4DCB11 -> [[2, 3], 90, [2, 3], 80, [2, 3], 80, [2, 3], 90, [2, 3], 80, [2, 3], 80]
7-0: 6ED5DCB1 -> [[1, 2], 90, [0, 2], 81, [0, 2], 81, [1, 2], 90, [0, 2], 81, [0, 2], 81]
8: 6E42E -> [[1, 2], 70, [1, 2], 70, [1, 2], 70, [1, 2], 70, [1, 2], 70, [1, 2], 70]
9: 6E4ECB2 -> [[2, 2], 80, [2, 2], 80, [2, 2], 80, [2, 2], 80, [2, 2], 80, [2, 2], 80]
9-a: 6E4ECB11 -> [[2, 3], 80, [2, 3], 80, [2, 3], 80, [2, 3], 80, [2, 3], 80, [2, 3], 80]
10: 6E4ED2 -> [[2, 2], 80, [2, 2], 80, [2, 2], 80, [2, 2], 80, [2, 2], 80, [2, 2], 80]
10-a: 6E4ED11 -> [[2, 3], 80, [2, 3], 80, [2, 3], 80, [2, 3], 80, [2, 3], 80, [2, 3], 80]
11: 6E42 -> [[2, 2], 70, [2, 2], 60, [2, 2], 60, [2, 2], 70, [2, 2], 60, [2, 2], 60]
11-a: 6E411 -> [[2, 3], 70, [2, 3], 60, [2, 3], 60, [2, 3], 70, [2, 3], 60, [2, 3], 60]
12: 6DC4ED2DC -> [[1, 1], 80, [2, 2], 70, [2, 2], 70, [1, 1], 80, [2, 2], 70, [2, 2], 70]
13: 6ED3DBA3 -> [[2, 2], 60, [2, 2], 60, [2, 2], 60, [2, 2], 60, [2, 2], 60, [2, 2], 60]
14: 6E32E1 -> [[2, 3], 70, [2, 3], 60, [2, 3], 60, [2, 3], 70, [2, 3], 60, [2, 3], 60]
15: 6DC3EDC3 -> [[2, 2], 80, [2, 2], 80, [2, 2], 80, [2, 2], 80, [2, 2], 80, [2, 2], 80]
17: 5EDC5EDC2 -> [[2, 2], 100, [2, 2], 90, [2, 2], 90, [2, 2], 100, [2, 2], 90, [2, 2], 90]
17-a: 5EDC5EDC11 -> [[2, 3], 100, [2, 3], 90, [2, 3], 90, [2, 3], 100, [2, 3], 90, [2, 3], 90]
18: 5EDC5ECB2 -> [[2, 2], 91, [2, 2], 81, [2, 2], 81, [2, 2], 91, [2, 2], 81, [2, 2], 81]
18-a: 5EDC5ECB11 -> [[2, 3], 91, [2, 3], 81, [2, 3], 81, [2, 3], 91, [2, 3], 81, [2, 3], 81]
19: 5EDC5DC2 -> [[2, 2], 80, [2, 2], 81, [2, 2], 81, [2, 2], 80, [2, 2], 81, [2, 2], 81]
19-a: 5EDC5DC11 -> [[2, 3], 80, [2, 3], 81, [2, 3], 81, [2, 3], 80, [2, 3], 81, [2, 3], 81]
20: 5ED5ED2 -> [[2, 2], 90, [2, 2], 81, [2, 2], 91, [2, 2], 90, [2, 2], 81, [2, 2], 91]
20-a: 5ED5ED11 -> [[2, 3], 90, [2, 3], 81, [2, 3], 91, [2, 3], 90, [2, 3], 81, [2, 3], 91]
21: 5ED5E2 -> [[2, 2], 80, [2, 2], 80, [2, 2], 80, [2, 2], 80, [2, 2], 80, [2, 2], 80]
21-a: 5ED5E11 -> [[2, 3], 80, [2, 3], 80, [2, 3], 80, [2, 3], 80, [2, 3], 80, [2, 3], 80]
22: 5ED5DCB2 -> [[2, 2], 80, [2, 2], 80, [2, 2], 80, [2, 2], 80, [2, 2], 80, [2, 2], 80]
22-a: 5ED5DCB11 -> [[2, 3], 80, [2, 3], 80, [2, 3], 80, [2, 3], 80, [2, 3], 80, [2, 3], 80]
23: 5ED5DC2 -> [[2, 2], 80, [2, 2], 81, [2, 2], 81, [2, 2], 80, [2, 2], 81, [2, 2], 81]
23-a: 5ED5DC11 -> [[2, 3], 80, [2, 3], 81, [2, 3], 81, [2, 3], 80, [2, 3], 81, [2, 3], 81]
24: 5ED5D2 -> [[2, 2], 70, [2, 2], 71, [2, 2], 71, [2, 2], 70, [2, 2], 71, [2, 2], 71]
24-a: 5ED5D11 -> [[2, 3], 70, [2, 3], 71, [2, 3], 71, [2, 3], 70, [2, 3], 71, [2, 3], 71]
24-1: 5ED52 -> [[2, 2], 70, [2, 2], 71, [2, 2], 71, [2, 2], 70, [2, 2], 71, [2, 2], 71]
24-1-a: 5ED511 -> [[2, 3], 70, [2, 3], 71, [2, 3], 71, [2, 3], 70, [2, 3], 71, [2, 3], 71]
25: 5ECB5ECB2 -> [[2, 2], 71, [2, 2], 71, [2, 2], 71, [2, 2], 71, [2, 2], 71, [2, 2], 71]
25-a: 5ECB5ECB11 -> [[2, 3], 71, [2, 3], 71, [2, 3], 71, [2, 3], 71, [2, 3], 71, [2, 3], 71]
26: 5ECB5E2 -> [[2, 2], 71, [2, 2], 71, [2, 2], 71, [2, 2], 71, [2, 2], 71, [2, 2], 71]
26-a: 5ECB5E11 -> [[2, 3], 71, [2, 3], 71, [2, 3], 71, [2, 3], 71, [2, 3], 71, [2, 3], 71]
27: 5DCB5DC2E -> [[0, 2], 71, [0, 2], 71, [0, 2], 71, [0, 2], 71, [0, 2], 71, [0, 2], 71]
28: 5DCB5DC2 -> [[2, 2], 71, [2, 2], 61, [2, 2], 61, [2, 2], 71, [2, 2], 61, [2, 2], 61]
28-a: 5DCB5DC11 -> [[2, 3], 71, [2, 3], 61, [2, 3], 61, [2, 3], 71, [2, 3], 61, [2, 3], 61]
29: 5ED4ED2E1 -> [[2, 3], 81, [2, 3], 80, [2, 3], 80, [2, 3], 81, [2, 3], 80, [2, 3], 80]
30: 5ECB4ED2E1 -> [[2, 3], 80, [2, 3], 70, [2, 3], 70, [2, 3], 80, [2, 3], 70, [2, 3], 70]
31: 5E4E2E1 -> [[2, 3], 70, [2, 3], 70, [2, 3], 70, [2, 3], 70, [2, 3], 70, [2, 3], 70]
32: 5E4ED2E1E -> [[0, 2], 81, [0, 2], 81, [0, 2], 81, [0, 2], 81, [0, 2], 81, [0, 2], 81]
33: 5E4ED3E -> [[2, 2], 81, [2, 2], 70, [2, 2], 70, [2, 2], 70, [2, 2], 70, [2, 2], 70]
34: 5E4ED3DC -> [[2, 2], 71, [1, 1], 70, [1, 1], 70, [1, 1], 70, [1, 1], 70, [1, 1], 70]
35: 5E4ED2DC1 -> [[2, 3], 71, [1, 3], 70, [1, 3], 70, [1, 3], 70, [1, 3], 70, [1, 3], 70]
36: 5DCB4ED2E1 -> [[2, 3], 80, [2, 3], 70, [2, 3], 70, [2, 3], 80, [2, 3], 70, [2, 3], 70]
37: 5ED3EDB2E2 -> [[3, 3], 70, [3, 3], 70, [3, 3], 70, [3, 3], 70, [3, 3], 70, [3, 3], 70]
38: 5ED3ED2E2 -> [[3, 3], 70, [3, 3], 70, [3, 3], 70, [3, 3], 70, [3, 3], 70, [3, 3], 70]
39: 5ED3DC2ED2 -> [[3, 3], 70, [3, 3], 70, [3, 3], 70, [3, 3], 70, [3, 3], 70, [3, 3], 70]
40: 5ECB3DCB2ED2 -> [[3, 3], 80, [3, 3], 70, [3, 3], 70, [3, 3], 80, [3, 3], 70, [3, 3], 70]
41: 5E3EDB2ED2 -> [[3, 3], 80, [3, 3], 70, [3, 3], 70, [3, 3], 80, [3, 3], 70, [3, 3], 70]
41: 5E3ED2ED2 -> [[3, 3], 80, [3, 3], 70, [3, 3], 70, [3, 3], 80, [3, 3], 70, [3, 3], 70]
42: 5E3ED3EC1 -> [[1, 3], 70, [1, 3], 70, [1, 3], 70, [1, 3], 70, [1, 3], 70, [1, 3], 70]
43: 5DCB3ECB2ED2 -> [[3, 3], 80, [3, 3], 70, [3, 3], 70, [3, 3], 80, [3, 3], 70, [3, 3], 70]
44: 4EDC4EDC2E2 -> [[3, 3], 84, [3, 3], 81, [3, 3], 81, [3, 3], 84, [3, 3], 81, [3, 3], 81]
46: 4EDC4EDC2DC2 -> [[3, 3], 81, [3, 3], 71, [3, 3], 71, [3, 3], 81, [3, 3], 71, [3, 3], 71]
47: 4EDC4EDC3E1 -> [[2, 3], 71, [2, 3], 71, [2, 3], 71, [2, 3], 71, [2, 3], 71, [2, 3], 71]
48-0: 4EDC4ED3E1 -> [[2, 3], 80, [2, 3], 81, [2, 3], 81, [2, 3], 80, [2, 3], 81, [2, 3], 81]
48-0: 4EDC4ED2E2 -> [[3, 3], 80, [3, 3], 81, [3, 3], 81, [3, 3], 80, [3, 3], 81, [3, 3], 81]
48: 4EDC4ED3DCB1 -> [[2, 3], 71, [2, 3], 71, [2, 3], 71, [2, 3], 71, [2, 3], 71, [2, 3], 71]
49: 4EDC4ED31 -> [[2, 3], 71, [2, 3], 71, [2, 3], 71, [2, 3], 71, [2, 3], 71, [2, 3], 71]
51: 4EDC4ECB2ED2 -> [[3, 3], 81, [3, 3], 71, [3, 3], 71, [3, 3], 81, [3, 3], 71, [3, 3], 71]
52: 4EDC4ECB2DC2 -> [[3, 3], 71, [3, 3], 61, [3, 3], 61, [3, 3], 71, [3, 3], 61, [3, 3], 61]
53: 4EDC4E2E2 -> [[3, 3], 71, [3, 3], 71, [3, 3], 71, [3, 3], 71, [3, 3], 71, [3, 3], 71]
54: 4EDC4DCB2ED2 -> [[3, 3], 71, [3, 3], 71, [3, 3], 71, [3, 3], 71, [3, 3], 71, [3, 3], 71]
55: 4EDC4DC3E1 -> [[2, 3], 71, [2, 2], 61, [2, 2], 61, [2, 3], 71, [2, 2], 61, [2, 2], 61]
56: 4ED4ED3E1 -> [[2, 3], 71, [2, 2], 71, [2, 2], 71, [2, 3], 71, [2, 3], 71, [2, 3], 71]
57: 4ED4ED2E2E -> [[2, 3], 81, [2, 3], 81, [2, 3], 81, [2, 3], 81, [2, 3], 81, [2, 3], 81]
58: 4ED4ED3ED1 -> [[2, 3], 81, [2, 3], 71, [2, 3], 71, [2, 3], 81, [2, 3], 71, [2, 3], 71]
59: 4ED4ED3DCB1 -> [[1, 3], 70, [1, 3], 60, [1, 3], 60, [1, 3], 70, [1, 3], 60, [1, 3], 60]
60: 4ED4ED2DC2 -> [[3, 3], 71, [3, 3], 61, [3, 3], 61, [3, 3], 71, [3, 3], 61, [3, 3], 61]
61: 4ED4ED22 -> [[2, 3], 61, [2, 3], 61, [2, 3], 61, [2, 3], 61, [2, 3], 61, [2, 3], 61]
62: 4ED4ECB2E2 -> [[3, 3], 70, [3, 3], 60, [3, 3], 60, [3, 3], 70, [3, 3], 60, [3, 3], 60]
63: 4ED4E2ED2 -> [[3, 3], 71, [3, 3], 71, [3, 3], 71, [3, 3], 71, [3, 3], 71, [3, 3], 71]
64: 4ED4E2E2E -> [[2, 3], 70, [2, 3], 71, [2, 3], 71, [2, 3], 70, [2, 3], 71, [2, 3], 71]
65: 4ED4E2E2 -> [[3, 3], 61, [3, 3], 61, [3, 3], 61, [3, 3], 61, [3, 3], 61, [3, 3], 61]
66: 4ED4E2ED2DC -> [[1, 1], 70, [1, 1], 70, [1, 1], 70, [1, 1], 70, [1, 1], 70, [1, 1], 70]
67: 4ED4DCB3EDC1 -> [[1, 3], 80, [1, 3], 60, [1, 3], 60, [1, 3], 80, [1, 3], 60, [1, 3], 60]
68: 4ED4DCB3ED1E -> [[0, 2], 84, [0, 2], 71, [0, 2], 71, [0, 2], 84, [0, 2], 71, [0, 2], 71]
69: 4ED4DCB3E1 -> [[2, 3], 70, [2, 2], 60, [2, 2], 60, [2, 3], 70, [2, 3], 60, [2, 3], 60]
70: 4ED4DC3ED1 -> [[2, 3], 70, [2, 3], 71, [2, 3], 71, [2, 3], 70, [2, 3], 71, [2, 3], 71]
71: 4ED4DBA2ED2ED -> [[0, 0], 84, [0, 0], 71, [0, 0], 71, [0, 0], 84, [0, 0], 71, [0, 0], 71]
72: 4ECB4ECB2ED2 -> [[3, 3], 71, [3, 3], 71, [3, 3], 71, [3, 3], 71, [3, 3], 71, [3, 3], 71]
73: 4ECB4DC2ED2 -> [[3, 3], 60, [3, 3], 60, [3, 3], 60, [3, 3], 60, [3, 3], 60, [3, 3], 60]
74: 4ECB4DC3ED1E -> [[0, 2], 71, [0, 2], 71, [0, 2], 71, [0, 2], 71, [0, 2], 71, [0, 2], 71]
75: 4E4E2E2E -> [[2, 3], 60, [2, 3], 60, [2, 3], 60, [2, 3], 60, [2, 3], 60, [2, 3], 60]
77: 4E4DC2ED2 -> [[3, 3], 61, [3, 3], 61, [3, 3], 61, [3, 3], 61, [3, 3], 61, [3, 3], 61]
78: 4DCB4DCB2ED2ED -> [[0, 1], 84, [0, 1], 74, [0, 1], 74, [0, 1], 84, [0, 1], 74, [0, 1], 74]
79: 4E3EDC3DCB2DC -> [[0, 0], 84, [0, 2], 74, [0, 2], 74, [0, 0], 84, [0, 2], 74, [0, 2], 74]
80: 4ED3EDC2ED3E -> [[3, 3], 94, [3, 3], 90, [3, 3], 90, [3, 3], 94, [3, 3], 90, [3, 3], 90]
81: 4ED3DCB3DCB2ED -> [[0, 0], 84, [0, 0], 74, [0, 0], 74, [0, 0], 84, [0, 0], 74, [0, 0], 74]
82: 4ED3ED3E2 -> [[3, 3], 60, [3, 3], 60, [3, 3], 60, [2, 2], 60, [2, 2], 60, [2, 2], 60]
84: 4ED3DCB3DC2ED -> [[0, 2], 74, [0, 0], 74, [0, 0], 74, [0, 2], 74, [0, 0], 74, [0, 0], 74]
85: 4ECB3ED3ED2E -> [[2, 3], 80, [2, 3], 80, [2, 3], 80, [2, 3], 80, [2, 3], 80, [2, 3], 80]
87: 4E3ED3ED2 -> [[3, 3], 70, [3, 3], 60, [3, 3], 60, [3, 3], 70, [3, 3], 60, [3, 3], 60]
88: 4DC3EDC3EDC2E -> [[0, 3], 84, [1, 3], 80, [1, 3], 80, [0, 3], 84, [1, 3], 80, [1, 3], 80]
89: 4DC3EDC3EDC2DC -> [[0, 0], 84, [0, 0], 74, [0, 0], 74, [0, 0], 84, [0, 0], 74, [0, 0], 74]
90: 4DC3EDC3EDC2 -> [[3, 3], 80, [3, 3], 70, [3, 3], 70, [3, 3], 80, [3, 3], 70, [3, 3], 70]
91: 43EDC3DCB2ED -> [[0, 0], 74, [0, 0], 64, [0, 0], 74, [0, 0], 74, [0, 0], 64, [0, 0], 74]
92: 43EDC3EDC2 -> [[3, 3], 70, [3, 3], 60, [3, 3], 60, [3, 3], 70, [3, 3], 60, [3, 3], 60]
1: 3EDC3EDC3EDC3 -> [[3, 3], 94, [3, 3], 74, [3, 3], 74, [3, 3], 94, [3, 3], 74, [3, 3], 74]
2: 3EDC3EDC3ECB3DCB -> [[2, 2], 94, [2, 3], 74, [2, 3], 84, [2, 2], 94, [2, 3], 74, [2, 3], 84]
3: 3EDC3EDC3DCB3DCB -> [[0, 1], 84, [2, 3], 74, [2, 3], 74, [0, 1], 84, [2, 3], 74, [2, 3], 74]
4: 3EDC3EDB3EC3EC -> [[2, 3], 84, [2, 3], 84, [2, 3], 84, [2, 3], 84, [2, 3], 84, [2, 3], 84]
4: 3EDC3ED3E3E -> [[2, 3], 74, [2, 3], 74, [2, 3], 74, [2, 3], 74, [2, 3], 74, [2, 3], 74]
5: 3EDC3ED3E3DCB -> [[2, 2], 84, [1, 3], 74, [1, 3], 74, [2, 2], 84, [1, 3], 74, [1, 3], 74]
6: 3EDB3EDB3ED3E -> [[3, 3], 84, [3, 3], 74, [3, 3], 74, [3, 3], 84, [3, 3], 74, [3, 3], 74]
7: 3EDB3ED3ED3E -> [[3, 3], 74, [3, 3], 74, [3, 3], 74, [3, 3], 74, [3, 3], 74, [3, 3], 74]
9: 3ED3ED3ED3CBA -> [[1, 2], 74, [1, 2], 64, [1, 2], 74, [1, 2], 74, [1, 2], 64, [1, 2], 74]
9: 3ED3ED3ED3 -> [[0, 2], 64, [0, 2], 64, [0, 2], 64, [0, 2], 64, [0, 2], 64, [0, 2], 64]
11: 3EDB3ED3EC3EC -> [[2, 3], 74, [2, 3], 74, [2, 3], 74, [2, 3], 74, [2, 3], 74, [2, 3], 74]
11: 3ED3ED3E3E -> [[2, 3], 64, [2, 3], 64, [2, 3], 64, [2, 3], 64, [2, 3], 64, [2, 3], 64]
12: 3ED3ED3DCB3DCB -> [[0, 1], 84, [0, 1], 74, [0, 1], 74, [0, 1], 84, [0, 1], 74, [0, 1], 74]
13: 3EDB3ECB3EC3EC -> [[2, 3], 74, [2, 3], 64, [2, 3], 64, [2, 3], 74, [2, 3], 64, [2, 3], 64]
13: 3ED3ECB3E3E -> [[2, 3], 74, [2, 3], 64, [2, 3], 74, [2, 3], 74, [2, 3], 64, [2, 3], 74]
